solver name          = MuGA-64
random seed          = 123
number of runs       = 100

solver type         = GA
stop criteria       = MaxGeneration 101

problem name        = bits.OneMax 128
population type     = MultiPopulation 64

selection           = MTournamentSelection 2.0 2
recombination       = Uniform 0.75 0.5
mutation            = FlipBit -1.0
replacement         = TournamentReplacement
rescaling           = AdaptiveCeiling 1.5

statistic           = Generation
statistic           = Individuals
statistic           = SucessRate
statistic           = Time
statistic           = FunctionCalls


Result                         Generation          Individuals           SucessRate                 Time        FunctionCalls
MEAN                                  100               120.33                    1             31843.31              9973.98
STD                                     0   4.4586880346016615                    0   162.16948952662818    93.00895796974082
MIN                                   100                  107                    1                31624                 9764
MEDIAN                                100                  121                    1                31858                 9977
MAX                                   100                  129                    1                32187                10189

SOLVER 0                            100.0                120.0                  1.0              32187.0              10015.0
SOLVER 1                            100.0                125.0                  1.0              32124.0               9818.0
SOLVER 2                            100.0                127.0                  1.0              32124.0               9963.0
SOLVER 3                            100.0                115.0                  1.0              32093.0              10060.0
SOLVER 4                            100.0                114.0                  1.0              32093.0               9949.0
SOLVER 5                            100.0                110.0                  1.0              32093.0               9997.0
SOLVER 6                            100.0                116.0                  1.0              32077.0               9953.0
SOLVER 7                            100.0                117.0                  1.0              31640.0              10040.0
SOLVER 8                            100.0                119.0                  1.0              32077.0               9996.0
SOLVER 9                            100.0                119.0                  1.0              31640.0               9922.0
SOLVER 10                           100.0                123.0                  1.0              32077.0               9977.0
SOLVER 11                           100.0                126.0                  1.0              31640.0               9988.0
SOLVER 12                           100.0                126.0                  1.0              32077.0               9960.0
SOLVER 13                           100.0                121.0                  1.0              31640.0               9992.0
SOLVER 14                           100.0                121.0                  1.0              32077.0               9899.0
SOLVER 15                           100.0                128.0                  1.0              32062.0               9861.0
SOLVER 16                           100.0                120.0                  1.0              31624.0               9867.0
SOLVER 17                           100.0                117.0                  1.0              32062.0              10065.0
SOLVER 18                           100.0                119.0                  1.0              32062.0              10070.0
SOLVER 19                           100.0                121.0                  1.0              32030.0               9924.0
SOLVER 20                           100.0                120.0                  1.0              31624.0               9987.0
SOLVER 21                           100.0                119.0                  1.0              32030.0              10189.0
SOLVER 22                           100.0                121.0                  1.0              31624.0               9870.0
SOLVER 23                           100.0                119.0                  1.0              31640.0               9986.0
SOLVER 24                           100.0                114.0                  1.0              32030.0               9988.0
SOLVER 25                           100.0                119.0                  1.0              32015.0              10034.0
SOLVER 26                           100.0                122.0                  1.0              31640.0              10080.0
SOLVER 27                           100.0                123.0                  1.0              32015.0              10040.0
SOLVER 28                           100.0                129.0                  1.0              31640.0              10050.0
SOLVER 29                           100.0                121.0                  1.0              32015.0              10141.0
SOLVER 30                           100.0                121.0                  1.0              31640.0               9968.0
SOLVER 31                           100.0                126.0                  1.0              31999.0              10022.0
SOLVER 32                           100.0                116.0                  1.0              31984.0               9979.0
SOLVER 33                           100.0                108.0                  1.0              31984.0               9923.0
SOLVER 34                           100.0                124.0                  1.0              31984.0               9825.0
SOLVER 35                           100.0                126.0                  1.0              31984.0              10070.0
SOLVER 36                           100.0                117.0                  1.0              31984.0              10064.0
SOLVER 37                           100.0                112.0                  1.0              31625.0              10026.0
SOLVER 38                           100.0                115.0                  1.0              31968.0               9895.0
SOLVER 39                           100.0                120.0                  1.0              31640.0              10071.0
SOLVER 40                           100.0                120.0                  1.0              31968.0               9928.0
SOLVER 41                           100.0                119.0                  1.0              31640.0              10163.0
SOLVER 42                           100.0                122.0                  1.0              31968.0              10007.0
SOLVER 43                           100.0                119.0                  1.0              31953.0              10073.0
SOLVER 44                           100.0                122.0                  1.0              31624.0              10076.0
SOLVER 45                           100.0                117.0                  1.0              31937.0              10014.0
SOLVER 46                           100.0                118.0                  1.0              31937.0              10008.0
SOLVER 47                           100.0                109.0                  1.0              31921.0               9773.0
SOLVER 48                           100.0                122.0                  1.0              31624.0               9764.0
SOLVER 49                           100.0                122.0                  1.0              31921.0               9935.0
SOLVER 50                           100.0                127.0                  1.0              31905.0               9965.0
SOLVER 51                           100.0                127.0                  1.0              31905.0               9933.0
SOLVER 52                           100.0                123.0                  1.0              31890.0               9905.0
SOLVER 53                           100.0                121.0                  1.0              31640.0               9981.0
SOLVER 54                           100.0                124.0                  1.0              31890.0              10030.0
SOLVER 55                           100.0                122.0                  1.0              31640.0               9836.0
SOLVER 56                           100.0                124.0                  1.0              31890.0               9833.0
SOLVER 57                           100.0                121.0                  1.0              31890.0              10026.0
SOLVER 58                           100.0                119.0                  1.0              31640.0              10012.0
SOLVER 59                           100.0                125.0                  1.0              31890.0               9822.0
SOLVER 60                           100.0                122.0                  1.0              31624.0               9862.0
SOLVER 61                           100.0                128.0                  1.0              31858.0               9954.0
SOLVER 62                           100.0                124.0                  1.0              31624.0               9784.0
SOLVER 63                           100.0                117.0                  1.0              31858.0               9998.0
SOLVER 64                           100.0                120.0                  1.0              31624.0              10181.0
SOLVER 65                           100.0                124.0                  1.0              31858.0               9955.0
SOLVER 66                           100.0                122.0                  1.0              31640.0               9885.0
SOLVER 67                           100.0                123.0                  1.0              31843.0               9966.0
SOLVER 68                           100.0                113.0                  1.0              31843.0              10060.0
SOLVER 69                           100.0                115.0                  1.0              31843.0               9975.0
SOLVER 70                           100.0                126.0                  1.0              31827.0               9963.0
SOLVER 71                           100.0                121.0                  1.0              31827.0               9941.0
SOLVER 72                           100.0                120.0                  1.0              31827.0              10141.0
SOLVER 73                           100.0                117.0                  1.0              31796.0               9978.0
SOLVER 74                           100.0                125.0                  1.0              31625.0               9916.0
SOLVER 75                           100.0                119.0                  1.0              31796.0               9843.0
SOLVER 76                           100.0                117.0                  1.0              31796.0               9960.0
SOLVER 77                           100.0                123.0                  1.0              31625.0               9802.0
SOLVER 78                           100.0                121.0                  1.0              31796.0               9768.0
SOLVER 79                           100.0                125.0                  1.0              31625.0               9928.0
SOLVER 80                           100.0                122.0                  1.0              31625.0               9939.0
SOLVER 81                           100.0                125.0                  1.0              31796.0               9872.0
SOLVER 82                           100.0                107.0                  1.0              31781.0              10124.0
SOLVER 83                           100.0                121.0                  1.0              31718.0              10054.0
SOLVER 84                           100.0                117.0                  1.0              31874.0              10075.0
SOLVER 85                           100.0                122.0                  1.0              31733.0               9959.0
SOLVER 86                           100.0                116.0                  1.0              31874.0               9908.0
SOLVER 87                           100.0                126.0                  1.0              31733.0              10068.0
SOLVER 88                           100.0                121.0                  1.0              31874.0              10108.0
SOLVER 89                           100.0                120.0                  1.0              31765.0               9887.0
SOLVER 90                           100.0                121.0                  1.0              31874.0               9951.0
SOLVER 91                           100.0                124.0                  1.0              31765.0              10078.0
SOLVER 92                           100.0                117.0                  1.0              31874.0               9942.0
SOLVER 93                           100.0                115.0                  1.0              31765.0              10017.0
SOLVER 94                           100.0                124.0                  1.0              31859.0              10009.0
SOLVER 95                           100.0                124.0                  1.0              31765.0               9956.0
SOLVER 96                           100.0                123.0                  1.0              31859.0              10092.0
SOLVER 97                           100.0                113.0                  1.0              31765.0               9938.0
SOLVER 98                           100.0                114.0                  1.0              31875.0              10058.0
SOLVER 99                           100.0                120.0                  1.0              31765.0               9895.0


HALL OF FAME
[100]             128 = 11111111111111111111111111111111111111111111111111111111111111111111111111111111111111111111111111111111111111111111111111111111	(OneMax) OPTIMUM 
#::::::::::::::::::::::::::::::::::::::::::::::::::::::::::::::::::::::::::::::::
# Evolution Statistics in generations
#::::::::::::::::::::::::::::::::::::::::::::::::::::::::::::::::::::::::::::::::


                    ____________________________________________________________________Generation_____________________________________________________________________ 		____________________________________________________________________Individuals____________________________________________________________________ 		____________________________________________________________________SucessRate_____________________________________________________________________ 		_______________________________________________________________________Time________________________________________________________________________ 		___________________________________________________________________FunctionCalls___________________________________________________________________ 		
                                    MEAN                  STD                  MIN               MEDIAN                  MAX                   Q1                   Q3  		                MEAN                  STD                  MIN               MEDIAN                  MAX                   Q1                   Q3  		                MEAN                  STD                  MIN               MEDIAN                  MAX                   Q1                   Q3  		                MEAN                  STD                  MIN               MEDIAN                  MAX                   Q1                   Q3  		                MEAN                  STD                  MIN               MEDIAN                  MAX                   Q1                   Q3  		
STATISTIC 0                            1                    0                    1                    1                    1                    1                    1  		               67.37   1.9050968320255839                   64                   67                   74                   66                   69  		                   0                    0                    0                    0                    0                    0                    0  		                   0                    0                    0                    0                    0                    0                    0  		              111.36    4.277070648625495                  101                  111                  122                  108                  115  		
STATISTIC 1                            2                    0                    2                    2                    2                    2                    2  		               68.46   2.6795898977646333                   64                   68                   78                   67                   69  		                   0                    0                    0                    0                    0                    0                    0  		             1094.04   193.38389725406753                  844                 1062                 1516                  922                 1250  		              222.83    6.935569278157677                  202                  223                  237                  219                  228  		
STATISTIC 2                            3                    0                    3                    3                    3                    3                    3  		               68.53    2.434827270749114                   64                   68                   75                   67                   70  		                   0                    0                    0                    0                    0                    0                    0  		             1710.21   248.51527989931338                 1203                 1672                 2453                 1640                 1874  		              333.47    8.930093261358873                  315                  333                  355                  327                  341  		
STATISTIC 3                            4                    0                    4                    4                    4                    4                    4  		               68.78    2.761861471522156                   64                   69                   80                   67                   70  		                   0                    0                    0                    0                    0                    0                    0  		             2566.07   258.47697883149766                 2031                 2563                 3015                 2422                 2797  		              443.83    9.287827376396018                  422                  444                  462                  437                  451  		
STATISTIC 4                            5                    0                    5                    5                    5                    5                    5  		               69.03   2.8300515753589477                   65                   69                   84                   67                   70  		                   0                    0                    0                    0                    0                    0                    0  		             3057.83    167.0465401187846                 2655                 3092                 3327                 2999                 3171  		              553.62   11.043330635054716                  527                  553                  579                  546                  561  		
STATISTIC 5                            6                    0                    6                    6                    6                    6                    6  		               68.95   2.6718699236468995                   64                   69                   78                   67                   71  		                   0                    0                    0                    0                    0                    0                    0  		              3462.9   175.19734904133426                 3035                 3453                 3797                 3297                 3594  		              663.42   12.809545052203783                  631                  665                  695                  655                  672  		
STATISTIC 6                            7                    0                    7                    7                    7                    7                    7  		               68.73    2.681229176886995                   64                   68                   78                   67                   70  		                   0                    0                    0                    0                    0                    0                    0  		             3840.38    185.5595295044111                 3444                 3866                 4257                 3710                 3944  		              774.62    14.21038175050106                  742                  777                  809                  766                  784  		
STATISTIC 7                            8                    0                    8                    8                    8                    8                    8  		               68.61   2.4074589479071857                   64                   69                   75                   67                   70  		                   0                    0                    0                    0                    0                    0                    0  		             4151.04   171.99089240627308                 3788                 4179                 4507                 4054                 4273  		              885.73   15.214197914505778                  847                  888                  922                  876                  897  		
STATISTIC 8                            9                    0                    9                    9                    9                    9                    9  		               69.17    2.558625735930426                   64                   69                   77                   68                   71  		                   0                    0                    0                    0                    0                    0                    0  		              4487.2   182.09465847867324                 4277                 4465                 4871                 4293                 4652  		              996.18   15.665299746946125                  955                  997                 1034                  987                 1008  		
STATISTIC 9                           10                    0                   10                   10                   10                   10                   10  		               68.58   2.6749114966950542                   64                   68                   80                   67                   70  		                   0                    0                    0                    0                    0                    0                    0  		             4777.33   174.37177599206706                 4449                 4792                 5214                 4668                 4887  		             1106.65   16.358592095701127                 1063                 1108                 1141                 1095                 1119  		
STATISTIC 10                          11                    0                   11                   11                   11                   11                   11  		               69.16   2.6427717313915795                   65                   69                   78                   67                   71  		                   0                    0                    0                    0                    0                    0                    0  		             5125.72   181.10140470983995                 4793                 5152                 5496                 4965                 5261  		             1217.09   17.217031149885788                 1167                 1218                 1254                 1205                 1229  		
STATISTIC 11                          12                    0                   12                   12                   12                   12                   12  		               68.95    2.782974936097969                   64                   69                   78                   67                   71  		                   0                    0                    0                    0                    0                    0                    0  		             5526.61    161.6751884664316                 5168                 5543                 5839                 5371                 5621  		             1328.49   17.268816409995114                 1281                 1330                 1368                 1318                 1340  		
STATISTIC 12                          13                    0                   13                   13                   13                   13                   13  		               69.09     3.04874539521563                   64                   69                   80                   67                   71  		                   0                    0                    0                    0                    0                    0                    0  		             5876.59   188.01811082978304                 5496                 5855                 6245                 5746                 6027  		             1439.75   17.495381786013812                 1395                 1440                 1480                 1428                 1452  		
STATISTIC 13                          14                    0                   14                   14                   14                   14                   14  		               69.52    3.170189428110128                   65                   69                   84                   67                   72  		                   0                    0                    0                    0                    0                    0                    0  		             6158.75   166.29475929714974                 5840                 6167                 6495                 6074                 6277  		             1550.03    17.89049462647028                 1507                 1550                 1587                 1539                 1563  		
STATISTIC 14                          15                    0                   15                   15                   15                   15                   15  		               69.55   2.7279881216602084                   65                   69                   80                   68                   71  		                   0                    0                    0                    0                    0                    0                    0  		             6470.37   184.90126521683754                 6152                 6496                 6824                 6293                 6605  		             1661.21    19.35541842022428                 1614                 1660                 1701                 1647                 1676  		
STATISTIC 15                          16                    0                   16                   16                   16                   16                   16  		                69.5    2.540579747724022                   65                   69                   77                   68                   71  		                   0                    0                    0                    0                    0                    0                    0  		             6803.46    178.7405105201718                 6418                 6808                 7152                 6636                 6949  		             1771.66    20.34908480805042                 1723                 1771                 1815                 1760                 1785  		
STATISTIC 16                          17                    0                   17                   17                   17                   17                   17  		               69.29   3.0790756844720995                   64                   69                   78                   67                   71  		                   0                    0                    0                    0                    0                    0                    0  		                7078     172.583635119646                 6730                 7105                 7448                 6934                 7199  		             1882.99    20.71865162728071                 1837                 1884                 1928                 1868                 1897  		
STATISTIC 17                          18                    0                   18                   18                   18                   18                   18  		               69.41   2.5705991126544454                   64                   69                   76                   68                   71  		                   0                    0                    0                    0                    0                    0                    0  		             7385.99   157.90212382063896                 7055                 7383                 7711                 7306                 7493  		             1993.29    20.36648812101815                 1945                 1993                 2041                 1980                 2006  		
STATISTIC 18                          19                    0                   19                   19                   19                   19                   19  		               69.14    3.136684217256762                   65                   69                   80                   67                   71  		                   0                    0                    0                    0                    0                    0                    0  		             7748.23    160.1236804170558                 7399                 7805                 8009                 7681                 7867  		             2103.92    21.03661070370259                 2056                 2104                 2150                 2091                 2119  		
STATISTIC 19                          20                    0                   20                   20                   20                   20                   20  		               69.85   3.3525958584206044                   64                   69                   81                   68                   72  		                   0                    0                    0                    0                    0                    0                    0  		             8056.01   143.94236325485153                 7753                 8065                 8363                 7956                 8160  		             2214.06   21.307190420987446                 2164                 2215                 2263                 2201                 2228  		
STATISTIC 20                          21                    0                   21                   21                   21                   21                   21  		               69.78   2.6688627321066973                   65                   70                   79                   68                   71  		                   0                    0                    0                    0                    0                    0                    0  		             8292.82   175.97155302704408                 8081                 8284                 8675                 8097                 8441  		             2324.86   21.800296541390072                 2277                 2325                 2376                 2312                 2340  		
STATISTIC 21                          22                    0                   22                   22                   22                   22                   22  		               69.68   2.8315680775460565                   65                   69                   77                   68                   71  		                   0                    0                    0                    0                    0                    0                    0  		             8571.69   174.93142639159325                 8237                 8613                 8909                 8410                 8706  		             2435.85    23.00301912551674                 2383                 2436                 2490                 2425                 2450  		
STATISTIC 22                          23                    0                   23                   23                   23                   23                   23  		               69.43   2.8648161751099863                   64                   69                   79                   68                   71  		                   0                    0                    0                    0                    0                    0                    0  		             8894.34   185.89576855773916                 8565                 8863                 9222                 8769                 9065  		             2547.05    24.15705137869958                 2491                 2548                 2600                 2532                 2563  		
STATISTIC 23                          24                    0                   24                   24                   24                   24                   24  		               69.61   2.6738350621146636                   64                   70                   76                   67                   72  		                   0                    0                    0                    0                    0                    0                    0  		             9209.99   151.29070918885395                 8847                 9238                 9487                 9144                 9316  		             2658.31   25.144710470520838                 2604                 2661                 2720                 2641                 2676  		
STATISTIC 24                          25                    0                   25                   25                   25                   25                   25  		               69.61    2.722502562353246                   65                   69                   81                   68                   71  		                   0                    0                    0                    0                    0                    0                    0  		             9490.43     167.971814314315                 9128                 9549                 9800                 9378                 9628  		             2769.23    25.94666440874008                 2710                 2772                 2832                 2749                 2788  		
STATISTIC 25                          26                    0                   26                   26                   26                   26                   26  		                69.9   2.8408989898810324                   65                   70                   79                   68                   72  		                   0                    0                    0                    0                    0                    0                    0  		             9801.38   180.87435116424194                 9425                 9831                10190                 9643                 9956  		             2879.74   26.767845930475467                 2818                 2880                 2945                 2861                 2897  		
STATISTIC 26                          27                    0                   27                   27                   27                   27                   27  		               70.19    3.240198896501422                   65                   70                   85                   68                   71  		                   0                    0                    0                    0                    0                    0                    0  		            10061.53   157.60726377917376                 9737                10100                10350                 9929                10174  		             2989.59   27.360332194225197                 2915                 2991                 3058                 2971                 3011  		
STATISTIC 27                          28                    0                   28                   28                   28                   28                   28  		               70.24     3.08832928584011                   65                   70                   79                   68                   72  		                   0                    0                    0                    0                    0                    0                    0  		            10391.34   163.96490262533226                10038                10429                10694                10257                10507  		             3099.66   27.946637462405445                 3028                 3102                 3167                 3082                 3118  		
STATISTIC 28                          29                    0                   29                   29                   29                   29                   29  		               70.27    2.919301839879433                   64                   70                   79                   68                   72  		                   0                    0                    0                    0                    0                    0                    0  		            10670.95    176.3899705685437                10288                10710                11023                10523                10788  		             3209.65    28.89387583219082                 3136                 3210                 3285                 3189                 3227  		
STATISTIC 29                          30                    0                   30                   30                   30                   30                   30  		                70.7   3.3196689624421922                   64                   70                   85                   68                   73  		                   0                    0                    0                    0                    0                    0                    0  		            10973.04   153.94049224137453                10601                11007                11241                10867                11086  		             3320.17   30.006415138998026                 3247                 3323                 3400                 3300                 3339  		
STATISTIC 30                          31                    0                   31                   31                   31                   31                   31  		               70.47   3.4390949008966705                   64                   70                   81                   68                   72  		                   0                    0                    0                    0                    0                    0                    0  		            11230.86   184.77772724237553                10865                11271                11631                11131                11380  		             3430.73   29.906877355078354                 3358                 3433                 3517                 3409                 3448  		
STATISTIC 31                          32                    0                   32                   32                   32                   32                   32  		               70.55   3.3465646489340304                   64                   70                   78                   68                   73  		                   0                    0                    0                    0                    0                    0                    0  		            11528.06    178.9610769712255                11177                11553                11880                11396                11662  		             3541.08    29.91627373758929                 3462                 3544                 3623                 3519                 3562  		
STATISTIC 32                          33                    0                   33                   33                   33                   33                   33  		               70.62    3.097017137749665                   64                   70                   83                   68                   73  		                   0                    0                    0                    0                    0                    0                    0  		            11820.98   173.24105818891488                11490                11818                12131                11725                11943  		             3652.31    29.49497303515455                 3576                 3655                 3732                 3628                 3670  		
STATISTIC 33                          34                    0                   34                   34                   34                   34                   34  		                70.9    3.551923650103084                   65                   71                   84                   68                   73  		                   0                    0                    0                    0                    0                    0                    0  		            12132.83   189.48473753202902                11787                12193                12474                11974                12303  		             3762.68   29.571990569837023                 3694                 3764                 3842                 3741                 3782  		
STATISTIC 34                          35                    0                   35                   35                   35                   35                   35  		               71.14   3.6543042284324363                   64                   71                   84                   68                   73  		                   0                    0                    0                    0                    0                    0                    0  		            12364.93    168.0366876126779                12052                12397                12693                12240                12490  		             3872.43   30.124071719633132                 3806                 3875                 3942                 3851                 3894  		
STATISTIC 35                          36                    0                   36                   36                   36                   36                   36  		               71.06   3.3659615223138113                   64                   71                   83                   69                   73  		                   0                    0                    0                    0                    0                    0                    0  		            12677.39   160.68533118046247                12349                12693                13052                12568                12786  		             3982.15   30.618663021963016                 3910                 3981                 4052                 3961                 4006  		
STATISTIC 36                          37                    0                   37                   37                   37                   37                   37  		                71.1   3.2891004572955533                   64                   70                   80                   69                   73  		                   0                    0                    0                    0                    0                    0                    0  		            12949.04   176.34870872991561                12740                12943                13302                12756                13115  		             4092.04   30.647530261184897                 4025                 4090                 4158                 4070                 4113  		
STATISTIC 37                          38                    0                   38                   38                   38                   38                   38  		               71.21    3.232708468204997                   65                   71                   80                   69                   74  		                   0                    0                    0                    0                    0                    0                    0  		             13252.4   175.18532755313439                12927                13287                13615                13100                13365  		             4201.72   31.684390574247644                 4133                 4200                 4273                 4178                 4223  		
STATISTIC 38                          39                    0                   39                   39                   39                   39                   39  		               71.82   3.5883650366655466                   65                   72                   83                   69                   74  		                   0                    0                    0                    0                    0                    0                    0  		            13561.14   165.47556321164544                13220                13604                13916                13447                13682  		             4310.93     32.2935572271582                 4243                 4311                 4381                 4286                 4333  		
STATISTIC 39                          40                    0                   40                   40                   40                   40                   40  		               72.51   4.0389392546843546                   66                   71                   87                   70                   75  		                0.01                  0.1                    0                    0                    1                    0                    0  		               13870   160.11498393594547                13567                13895                14176                13693                13989  		             4419.44    32.87144227399791                 4354                 4420                 4494                 4396                 4442  		
STATISTIC 40                          41                    0                   41                   41                   41                   41                   41  		                72.6    4.218765198251711                   65                   72                   89                   70                   75  		                0.02  0.14070529413628968                    0                    0                    1                    0                    0  		            14170.81   161.59018465789194                13833                14192                14536                14052                14286  		             4528.28    33.33820570451905                 4461                 4529                 4604                 4502                 4553  		
STATISTIC 41                          42                    0                   42                   42                   42                   42                   42  		               73.19    5.347887338931059                   65                   72                  100                   70                   75  		                0.03   0.1714466079977653                    0                    0                    1                    0                    0  		            14394.86   174.35578510043493                14192                14395                14739                14208                14551  		             4636.51    34.92893073109869                 4550                 4639                 4713                 4610                 4658  		
STATISTIC 42                          43                    0                   43                   43                   43                   43                   43  		               73.84     5.58988986357228                   64                   73                  100                   70                   76  		                0.03   0.1714466079977653                    0                    0                    1                    0                    0  		             14736.4   188.96736931720955                14408                14711                15102                14617                14883  		             4744.11   36.487411693909266                 4644                 4750                 4819                 4717                 4767  		
STATISTIC 43                          44                    0                   44                   44                   44                   44                   44  		               74.54    5.215400659623737                   65                   74                   95                   71                   78  		                0.06  0.23868325657594203                    0                    0                    1                    0                    0  		            15014.88   163.62184043299519                14711                15039                15352                14899                15148  		             4851.53    38.12935320400852                 4738                 4853                 4927                 4825                 4877  		
STATISTIC 44                          45                    0                   45                   45                   45                   45                   45  		               75.23    5.825501235641812                   65                   74                   98                   72                   79  		                0.07   0.2564323999762428                    0                    0                    1                    0                    0  		            15300.56   171.34714718511856                14991                15306                15619                15150                15462  		             4958.39    40.36547554731928                 4835                 4962                 5035                 4930                 4982  		
STATISTIC 45                          46                    0                   46                   46                   46                   46                   46  		               76.51    6.037751605063291                   66                   76                   98                   72                   80  		                0.09  0.28762349126466136                    0                    0                    1                    0                    0  		            15607.03   186.17708823004145                15220                15642                15969                15454                15735  		              5064.5   42.708194752177235                 4936                 5067                 5145                 5034                 5095  		
STATISTIC 46                          47                    0                   47                   47                   47                   47                   47  		               78.33     7.28919914959278                   66                   77                  100                   73                   82  		                0.14    0.348735088019777                    0                    0                    1                    0                    0  		            15922.12   158.49336601486178                15563                15969                16250                15813                16032  		             5169.18    44.29820435517924                 5029                 5174                 5253                 5143                 5201  		
STATISTIC 47                          48                    0                   48                   48                   48                   48                   48  		               79.71    8.235541355256562                   69                   78                  109                   74                   83  		                0.21  0.40936018074033237                    0                    0                    1                    0                    0  		            16245.62   180.64999252143264                15898                16246                16630                16104                16391  		             5273.11    46.97858850345966                 5129                 5275                 5363                 5243                 5306  		
STATISTIC 48                          49                    0                   49                   49                   49                   49                   49  		               81.04    8.819079408654924                   68                   80                  114                   74                   87  		                0.28    0.451260859854213                    0                    0                    1                    0                    1  		            16490.97    177.1744819964363                16158                16511                16849                16365                16607  		             5376.02   50.273389953076794                 5216                 5380                 5474                 5347                 5413  		
STATISTIC 49                          50                    0                   50                   50                   50                   50                   50  		                  85   10.384526173031865                   70                   83                  115                   77                   92  		                0.34   0.4760952285695233                    0                    0                    1                    0                    1  		            16809.32   157.36067302259627                16459                16837                17149                16650                16946  		             5476.21    53.41003859036018                 5311                 5477                 5576                 5446                 5517  		
STATISTIC 50                          51                    0                   51                   51                   51                   51                   51  		                86.7    11.08507049498504                   65                   86                  118                   78                   94  		                0.43  0.49756985195624304                    0                    0                    1                    0                    1  		            17080.17   166.38315613808632                16750                17099                17417                16934                17203  		              5576.3    56.30158689476423                 5405                 5576                 5683                 5544                 5619  		
STATISTIC 51                          52                    0                   52                   52                   52                   52                   52  		               90.27   12.004927439525924                   65                   91                  114                   82                  101  		                0.49   0.5024183937956913                    0                    0                    1                    0                    1  		            17353.97   177.43147517798764                17043                17371                17683                17199                17480  		             5674.32    60.56683093990738                 5487                 5677                 5792                 5641                 5723  		
STATISTIC 52                          53                    0                   53                   53                   53                   53                   53  		               91.99   11.962479220082642                   70                   94                  120                   83                  101  		                0.56  0.49888765156985887                    0                    1                    1                    0                    1  		             17640.1   160.80155911601545                17339                17658                18033                17518                17761  		              5771.9    64.44612502162586                 5581                 5775                 5903                 5739                 5817  		
STATISTIC 53                          54                    0                   54                   54                   54                   54                   54  		               95.25   12.128416419652025                   70                   97                  119                   85                  105  		                0.62  0.48783173121456336                    0                    1                    1                    0                    1  		            17959.48   160.93530163740354                17637                17965                18309                17871                18090  		             5868.88    66.88106132258807                 5666                 5875                 6004                 5837                 5908  		
STATISTIC 54                          55                    0                   55                   55                   55                   55                   55  		               98.91   11.899490694474206                   73                  100                  124                   90                  108  		                0.68   0.4688261722621507                    0                    1                    1                    0                    1  		            18277.75   155.49551781516425                17949                18293                18636                18168                18387  		             5962.68    69.57038148379159                 5752                 5969                 6094                 5927                 6006  		
STATISTIC 55                          56                    0                   56                   56                   56                   56                   56  		              101.29   11.916625344280959                   70                  105                  124                   92                  110  		                0.75   0.4351941398892446                    0                    1                    1                    1                    1  		            18555.44   160.08061857838467                18255                18573                18855                18449                18677  		             6056.54    73.33380440621099                 5841                 6062                 6199                 6019                 6102  		
STATISTIC 56                          57                    0                   57                   57                   57                   57                   57  		              103.31    11.62520337608562                   75                  105                  125                   96                  112  		                0.78  0.41633319989322654                    0                    1                    1                    1                    1  		            18891.22   170.63982861907738                18546                18890                19234                18781                19015  		             6149.48    75.62941013103344                 5934                 6157                 6297                 6109                 6201  		
STATISTIC 57                          58                    0                   58                   58                   58                   58                   58  		               105.2   10.880433740611556                   77                  108                  124                  100                  114  		                0.87  0.33799766898963113                    0                    1                    1                    1                    1  		            19199.15   179.53646122470752                18869                19228                19524                19041                19337  		             6241.75    78.10189860468545                 6022                 6250                 6397                 6196                 6288  		
STATISTIC 58                          59                    0                   59                   59                   59                   59                   59  		              106.65    9.952792613537207                   79                  110                  124                  101                  115  		                0.91   0.2876234912646613                    0                    1                    1                    1                    1  		            19451.16   163.22387921961482                19150                19493                19759                19306                19571  		             6333.67    79.77076437195646                 6110                 6340                 6491                 6292                 6382  		
STATISTIC 59                          60                    0                   60                   60                   60                   60                   60  		              108.52    9.894881852184314                   81                  111                  122                  104                  116  		                0.95   0.2190429135575903                    0                    1                    1                    1                    1  		            19784.34   160.82446796111017                19462                19821                20134                19665                19899  		             6425.08    82.64377493408008                 6193                 6435                 6593                 6378                 6479  		
STATISTIC 60                          61                    0                   61                   61                   61                   61                   61  		              110.62     8.79368460253661                   80                  113                  126                  107                  116  		                0.96  0.19694638556693245                    0                    1                    1                    1                    1  		            20125.04   162.94653767839668                19806                20150                20446                19993                20259  		              6513.9    83.00170376734943                 6289                 6518                 6678                 6468                 6576  		
STATISTIC 61                          62                    0                   62                   62                   62                   62                   62  		              110.09    8.894550595900265                   81                  112                  125                  104                  117  		                0.97  0.17144660799776518                    0                    1                    1                    1                    1  		            20460.46    178.3357643560255                20040                20477                20868                20431                20509  		             6605.98    84.87744938522717                 6373                 6612                 6784                 6559                 6665  		
STATISTIC 62                          63                    0                   63                   63                   63                   63                   63  		              111.72    8.392011593524984                   83                  113                  125                  108                  118  		                0.98  0.14070529413628946                    0                    1                    1                    1                    1  		            20862.24   166.79801612068593                20525                20899                21149                20759                20978  		             6695.85    85.49208422214576                 6459                 6698                 6888                 6655                 6753  		
STATISTIC 63                          64                    0                   64                   64                   64                   64                   64  		              112.82    7.362723475025873                   86                  114                  127                  109                  118  		                0.98  0.14070529413628946                    0                    1                    1                    1                    1  		             21204.7   180.66317227974776                20978                21181                21556                21025                21384  		             6785.69    86.42632116376618                 6549                 6786                 6987                 6739                 6850  		
STATISTIC 64                          65                    0                   65                   65                   65                   65                   65  		              114.33    7.061139919991531                   93                  116                  129                  111                  119  		                0.99  0.09999999999999974                    0                    1                    1                    1                    1  		            21511.21   167.64918247280954                21181                21524                21869                21415                21618  		             6875.09    86.69417919945069                 6645                 6873                 7074                 6826                 6942  		
STATISTIC 65                          66                    0                   66                   66                   66                   66                   66  		              114.66    6.592343278303197                   99                  115                  128                  110                  120  		                0.99  0.09999999999999974                    0                    1                    1                    1                    1  		            21872.73   205.29362342306828                21462                21884                22243                21821                22025  		             6964.43    87.95823790961212                 6737                 6964                 7163                 6914                 7024  		
STATISTIC 66                          67                    0                   67                   67                   67                   67                   67  		              114.34    6.999595947934629                   92                  116                  128                  111                  119  		                   1                    0                    1                    1                    1                    1                    1  		            22326.16   175.31286434276598                21962                22352                22665                22291                22431  		             7054.04     89.2078403946667                 6828                 7050                 7255                 7002                 7115  		
STATISTIC 67                          68                    0                   68                   68                   68                   68                   68  		              115.65    6.442245357988568                   97                  116                  128                  112                  120  		                   1                    0                    1                    1                    1                    1                    1  		            22673.41     166.123970685715                22368                22681                22993                22556                22790  		              7142.2     89.8221587472724                 6908                 7141                 7348                 7093                 7211  		
STATISTIC 68                          69                    0                   69                   69                   69                   69                   69  		               116.4    5.846521887568555                   93                  117                  127                  113                  120  		                   1                    0                    1                    1                    1                    1                    1  		            22957.89   161.82768582353006                22665                22978                23275                22806                23087  		             7230.82    89.68985618804734                 7006                 7228                 7437                 7178                 7301  		
STATISTIC 69                          70                    0                   70                   70                   70                   70                   70  		              116.42    5.429399951963833                  101                  117                  127                  113                  120  		                   1                    0                    1                    1                    1                    1                    1  		            23228.32   152.77579003305334                22884                23275                23462                23165                23337  		             7320.34    89.59360772650193                 7096                 7317                 7530                 7269                 7389  		
STATISTIC 70                          71                    0                   71                   71                   71                   71                   71  		              116.62    6.039900995910828                   95                  118                  128                  114                  121  		                   1                    0                    1                    1                    1                    1                    1  		            23528.22   164.56969172475357                23228                23541                23836                23384                23665  		             7409.47    89.97468274660375                 7186                 7404                 7622                 7360                 7478  		
STATISTIC 71                          72                    0                   72                   72                   72                   72                   72  		              117.09    4.925905546652807                   99                  118                  130                  115                  120  		                   1                    0                    1                    1                    1                    1                    1  		            23808.42    148.9087701184453                23478                23852                24118                23681                23915  		             7497.23    89.39706625245506                 7278                 7490                 7711                 7448                 7564  		
STATISTIC 72                          73                    0                   73                   73                   73                   73                   73  		              117.27    5.260592968842771                  101                  118                  125                  114                  120  		                   1                    0                    1                    1                    1                    1                    1  		            24073.12    157.5179502356477                23743                24118                24415                23962                24165  		             7585.68     89.2825364398527                 7363                 7578                 7808                 7536                 7655  		
STATISTIC 73                          74                    0                   74                   74                   74                   74                   74  		              117.89    4.664274278540545                  103                  119                  128                  116                  120  		                   1                    0                    1                    1                    1                    1                    1  		            24362.61   163.19108802912754                23978                24400                24712                24228                24462  		             7675.06    89.65723956303849                 7449                 7670                 7901                 7626                 7743  		
STATISTIC 74                          75                    0                   75                   75                   75                   75                   75  		              118.99    5.303886510966466                   91                  120                  128                  116                  122  		                   1                    0                    1                    1                    1                    1                    1  		            24604.89    157.9405907359772                24274                24665                24884                24478                24712  		             7761.97    88.66557928245554                 7541                 7757                 7985                 7711                 7827  		
STATISTIC 75                          76                    0                   76                   76                   76                   76                   76  		              118.22    5.012267778443949                  102                  119                  127                  115                  122  		                   1                    0                    1                    1                    1                    1                    1  		            24912.28   172.41897994855913                24556                24946                25258                24821                25009  		             7849.28    89.34363124724058                 7630                 7842                 8074                 7805                 7918  		
STATISTIC 76                          77                    0                   77                   77                   77                   77                   77  		              118.97    4.486691881598645                  107                  119                  128                  117                  122  		                   1                    0                    1                    1                    1                    1                    1  		            25196.07   159.87679947422825                24868                25228                25493                25040                25306  		             7937.74     89.0173765808172                 7718                 7933                 8162                 7890                 8005  		
STATISTIC 77                          78                    0                   78                   78                   78                   78                   78  		              119.51    4.411864170001764                  102                  120                  128                  117                  123  		                   1                    0                    1                    1                    1                    1                    1  		            25539.02   179.55528565333674                25306                25540                25884                25353                25712  		              8026.4    90.13794142783873                 7807                 8025                 8261                 7982                 8092  		
STATISTIC 78                          79                    0                   79                   79                   79                   79                   79  		              119.62    4.598594427330081                  101                  120                  129                  117                  123  		                   1                    0                    1                    1                    1                    1                    1  		            25722.68    160.6361645886721                25415                25775                26039                25572                25852  		             8114.47     89.5852908876943                 7899                 8108                 8346                 8064                 8174  		
STATISTIC 79                          80                    0                   80                   80                   80                   80                   80  		              119.28   4.6342597722141985                  107                  120                  128                  117                  123  		                   1                    0                    1                    1                    1                    1                    1  		            26075.49   163.61154382471213                25696                26118                26415                25931                26181  		             8202.43    89.75480122777086                 7987                 8198                 8440                 8153                 8266  		
STATISTIC 80                          81                    0                   81                   81                   81                   81                   81  		              119.53    4.738526813645304                  104                  120                  128                  117                  123  		                   1                    0                    1                    1                    1                    1                    1  		            26399.34   162.26504194806873                26071                26431                26680                26258                26524  		             8291.45    89.09515682514382                 8069                 8288                 8537                 8238                 8351  		
STATISTIC 81                          82                    0                   82                   82                   82                   82                   82  		              119.99    4.695785774543378                  106                  120                  128                  117                  123  		                   1                    0                    1                    1                    1                    1                    1  		            26647.42    171.1112922733053                26321                26696                26977                26493                26774  		             8379.96    89.18077430170725                 8162                 8380                 8626                 8325                 8443  		
STATISTIC 82                          83                    0                   83                   83                   83                   83                   83  		               119.1   4.8523658709390975                  107                  120                  129                  116                  122  		                   1                    0                    1                    1                    1                    1                    1  		            26924.72    150.6407915567529                26618                26931                27258                26821                27040  		                8468    88.63544677070469                 8256                 8469                 8712                 8416                 8525  		
STATISTIC 83                          84                    0                   84                   84                   84                   84                   84  		              119.73     4.95607982913178                  106                  120                  128                  117                  123  		                   1                    0                    1                    1                    1                    1                    1  		            27203.05   168.58749938680197                26899                27181                27524                27102                27336  		             8555.72      89.242500180028                 8353                 8554                 8805                 8503                 8614  		
STATISTIC 84                          85                    0                   85                   85                   85                   85                   85  		              119.42    4.488323796814523                  108                  120                  129                  117                  123  		                   1                    0                    1                    1                    1                    1                    1  		            27532.33   188.20529597848622                27196                27586                27915                27353                27680  		             8644.25    90.16420206120239                 8438                 8643                 8883                 8595                 8703  		
STATISTIC 85                          86                    0                   86                   86                   86                   86                   86  		              119.88   3.7343072322789763                  106                  121                  126                  118                  122  		                   1                    0                    1                    1                    1                    1                    1  		            27818.76   161.94126133035894                27493                27821                28102                27696                27946  		              8731.7    89.51276642767418                 8529                 8728                 8963                 8682                 8793  		
STATISTIC 86                          87                    0                   87                   87                   87                   87                   87  		              120.13    4.482637661471309                  106                  121                  128                  117                  123  		                   1                    0                    1                    1                    1                    1                    1  		            28081.97   165.80976412390456                27821                28133                28411                27911                28228  		             8819.58    89.88895281612959                 8619                 8819                 9048                 8766                 8883  		
STATISTIC 87                          88                    0                   88                   88                   88                   88                   88  		              119.52    4.041401896981902                  107                  120                  128                  117                  122  		                   1                    0                    1                    1                    1                    1                    1  		            28404.16   174.14389266798884                28099                28442                28770                28239                28536  		             8908.61    89.91004426984604                 8713                 8909                 9132                 8854                 8971  		
STATISTIC 88                          89                    0                   89                   89                   89                   89                   89  		              120.13    4.726146913339154                  106                  121                  128                  118                  123  		                   1                    0                    1                    1                    1                    1                    1  		            28716.77   173.87606494185385                28395                28755                29083                28567                28833  		             8997.58    90.09077128487469                 8802                 9001                 9220                 8943                 9060  		
STATISTIC 89                          90                    0                   90                   90                   90                   90                   90  		              119.74    4.717515182270153                  105                  120                  132                  117                  122  		                   1                    0                    1                    1                    1                    1                    1  		            29025.04   157.93739457779978                28692                29020                29302                28864                29161  		             9086.87    88.92826015699224                 8893                 9092                 9311                 9032                 9147  		
STATISTIC 90                          91                    0                   91                   91                   91                   91                   91  		              119.64    4.260506917248177                  107                  120                  129                  116                  123  		                   1                    0                    1                    1                    1                    1                    1  		            29281.77   167.77473202821253                28958                29317                29661                29145                29411  		             9174.97    89.25589757838813                 8981                 9176                 9399                 9122                 9242  		
STATISTIC 91                          92                    0                   92                   92                   92                   92                   92  		              119.65    5.659308948783215                   93                  120                  132                  117                  123  		                   1                    0                    1                    1                    1                    1                    1  		            29549.29   176.05946510337995                29239                29567                29895                29396                29676  		             9264.49    90.56137993290089                 9070                 9265                 9496                 9210                 9332  		
STATISTIC 92                          93                    0                   93                   93                   93                   93                   93  		              119.98    4.605618001063136                  107                  120                  129                  117                  123  		                   1                    0                    1                    1                    1                    1                    1  		            29881.23    160.6885974598172                29546                29936                30171                29780                29999  		             9353.09    91.72478543246453                 9156                 9355                 9587                 9301                 9422  		
STATISTIC 93                          94                    0                   94                   94                   94                   94                   94  		              120.36    4.755687716468148                  107                  121                  129                  117                  124  		                   1                    0                    1                    1                    1                    1                    1  		            30124.79   160.37942983785211                29749                30156                30406                30031                30218  		             9441.77    92.29233911098261                 9238                 9443                 9680                 9392                 9510  		
STATISTIC 94                          95                    0                   95                   95                   95                   95                   95  		              119.54    5.265515792935903                  101                  121                  129                  117                  123  		                   1                    0                    1                    1                    1                    1                    1  		            30400.38    174.4900668643312                30062                30437                30718                30265                30546  		             9530.52    93.83248344515721                 9316                 9536                 9766                 9476                 9600  		
STATISTIC 95                          96                    0                   96                   96                   96                   96                   96  		              119.86    4.888700639167253                  104                  121                  127                  118                  123  		                   1                    0                    1                    1                    1                    1                    1  		            30697.65   152.21976238519773                30359                30749                30937                30578                30812  		             9619.54      93.775944019611                 9411                 9626                 9842                 9562                 9686  		
STATISTIC 96                          97                    0                   97                   97                   97                   97                   97  		              120.31    4.484980546786069                  108                  120                  129                  118                  123  		                   1                    0                    1                    1                    1                    1                    1  		            30953.25    159.6404656809428                30624                30953                31249                30859                31062  		             9708.61    92.56697220630905                 9495                 9713                 9928                 9655                 9773  		
STATISTIC 97                          98                    0                   98                   98                   98                   98                   98  		              120.08    4.670301614640986                  104                  120                  132                  118                  123  		                   1                    0                    1                    1                    1                    1                    1  		            31282.34    161.9560496561542                30937                31312                31655                31140                31390  		             9796.78    92.28289619041759                 9591                 9798                10013                 9741                 9863  		
STATISTIC 98                          99                    0                   99                   99                   99                   99                   99  		                 121    4.750332258448514                  109                  121                  130                  118                  125  		                   1                    0                    1                    1                    1                    1                    1  		            31585.19   171.21347623489888                31250                31593                31905                31422                31734  		             9885.76    92.14033214656052                 9681                 9885                10097                 9833                 9956  		
STATISTIC 99                         100                    0                  100                  100                  100                  100                  100  		              120.33   4.4586880346016615                  107                  121                  129                  117                  124  		                   1                    0                    1                    1                    1                    1                    1  		            31843.31   162.16948952662818                31624                31858                32187                31640                31984  		             9973.98    93.00895796974082                 9764                 9977                10189                 9923                10040  		

<hr>MuGA - Multiset Genetic Algorithm - Thesis (c)M@nso 2019  2020/01/15 06:47
